#uw 1 1 0 (-1 1)
#us 1 1 0 (-1 1)
#ui 1 1 0 (-1 1)
#ul 1 1 0 (-1 1)
#w  1 1 0 (-1 1)
#s  1 1 0 (-1 1)
#i  1 1 0 (-1 1)
#l  1 1 0 (-1 1)
#f  1 1 0 (-1 1)
#d  1 1 0 (-1 1)
#b  1 1 0 (-1 1)
#t  1 1 0 (-1 1)
#x  1 1 0 (-1 1)
get 1 3 0 (-1 1) (0 1)(1 0)
set 1 3 0 (2 2) (2 0)(0 1)(1 0)
pack 1 3 0 (1 2) (1 0)(0 1)
pre       (2 1) (1 0)(0 1)
post      (2 1) (0 1)(1 2)
struct    (3 1) (2 0)
vector    (3 1) (2 0)(0 1)
array     (3 1) (2 0)(0 1)
count     (3 1) (0 1)
zero      (2 1) (0 1)
type      (2 1) (0 1)
ptrt      (4 2) (0 2)(2 0)
funt      (4 2) (0 2)(2 0)
ref       (3 1) (0 1)
load      (4 1) (0 1)
store     (4 1) (0 1)(2 0)
call      (4 2) (0 2)(2 0)
main      (5 2) (0 2)
def       (4 2) (2 0)(0 2)
swt       (4 2) (2 0)(0 2)(2 4)
loop      (4 2) (2 4)(2 0)(0 2)
add       (4 2) (1 1)(1 3)
sub       (4 2) (1 1)(1 3)
mul       (4 2) (1 1)(1 3)
div       (4 2) (1 1)(1 3)
mod       (4 2) (1 1)(1 3)
neg       (4 1) (0 1)
or        (4 2) (0 1)(0 3)
and       (4 2) (0 1)(0 3)
xor       (4 2) (0 1)(0 3)
not       (4 1) (0 1)
lt        (4 2) (0 1)(0 3)
gt        (4 2) (0 1)(0 3)
le        (4 2) (0 1)(0 3)
ge        (4 2) (0 1)(0 3)
eq        (4 2) (0 1)(0 3)
ne        (4 2) (0 1)(0 3)
